7.420000000000000000e+02 3.790000000000000000e+02 1.000000000000000000e+00
3.470000000000000000e+02 8.020000000000000000e+02 1.000000000000000000e+00
4.470000000000000000e+02 8.490000000000000000e+02 1.000000000000000000e+00
7.620000000000000000e+02 1.185000000000000000e+03 1.000000000000000000e+00
5.350000000000000000e+02 1.220000000000000000e+03 1.000000000000000000e+00
5.180000000000000000e+02 1.366000000000000000e+03 1.000000000000000000e+00
2.310000000000000000e+02 1.366000000000000000e+03 1.000000000000000000e+00
6.350000000000000000e+02 1.473000000000000000e+03 1.000000000000000000e+00
7.320000000000000000e+02 2.700000000000000000e+02 1.000000000000000000e+00
7.220000000000000000e+02 2.970000000000000000e+02 1.000000000000000000e+00
7.420000000000000000e+02 2.910000000000000000e+02 1.000000000000000000e+00
7.230000000000000000e+02 3.060000000000000000e+02 1.000000000000000000e+00
7.150000000000000000e+02 3.530000000000000000e+02 1.000000000000000000e+00
6.990000000000000000e+02 3.680000000000000000e+02 1.000000000000000000e+00
7.560000000000000000e+02 3.740000000000000000e+02 1.000000000000000000e+00
7.790000000000000000e+02 4.190000000000000000e+02 1.000000000000000000e+00
7.080000000000000000e+02 3.860000000000000000e+02 1.000000000000000000e+00
7.330000000000000000e+02 4.350000000000000000e+02 1.000000000000000000e+00
6.480000000000000000e+02 4.290000000000000000e+02 1.000000000000000000e+00
7.050000000000000000e+02 4.380000000000000000e+02 1.000000000000000000e+00
6.960000000000000000e+02 4.470000000000000000e+02 1.000000000000000000e+00
6.660000000000000000e+02 4.450000000000000000e+02 1.000000000000000000e+00
7.510000000000000000e+02 4.620000000000000000e+02 1.000000000000000000e+00
6.370000000000000000e+02 4.400000000000000000e+02 1.000000000000000000e+00
7.060000000000000000e+02 4.540000000000000000e+02 1.000000000000000000e+00
7.770000000000000000e+02 4.660000000000000000e+02 1.000000000000000000e+00
6.650000000000000000e+02 4.600000000000000000e+02 1.000000000000000000e+00
6.660000000000000000e+02 4.740000000000000000e+02 1.000000000000000000e+00
6.640000000000000000e+02 4.920000000000000000e+02 1.000000000000000000e+00
7.760000000000000000e+02 5.150000000000000000e+02 1.000000000000000000e+00
7.250000000000000000e+02 5.140000000000000000e+02 1.000000000000000000e+00
7.780000000000000000e+02 5.240000000000000000e+02 1.000000000000000000e+00
4.490000000000000000e+02 4.670000000000000000e+02 1.000000000000000000e+00
6.710000000000000000e+02 5.200000000000000000e+02 1.000000000000000000e+00
6.980000000000000000e+02 5.280000000000000000e+02 1.000000000000000000e+00
7.410000000000000000e+02 5.360000000000000000e+02 1.000000000000000000e+00
4.480000000000000000e+02 4.960000000000000000e+02 1.000000000000000000e+00
7.200000000000000000e+02 5.480000000000000000e+02 1.000000000000000000e+00
4.170000000000000000e+02 5.040000000000000000e+02 1.000000000000000000e+00
7.110000000000000000e+02 5.670000000000000000e+02 1.000000000000000000e+00
6.940000000000000000e+02 5.490000000000000000e+02 1.000000000000000000e+00
4.470000000000000000e+02 5.160000000000000000e+02 1.000000000000000000e+00
1.660000000000000000e+02 4.720000000000000000e+02 1.000000000000000000e+00
4.180000000000000000e+02 5.220000000000000000e+02 1.000000000000000000e+00
4.490000000000000000e+02 5.330000000000000000e+02 1.000000000000000000e+00
7.190000000000000000e+02 6.010000000000000000e+02 1.000000000000000000e+00
6.880000000000000000e+02 5.910000000000000000e+02 1.000000000000000000e+00
1.910000000000000000e+02 5.190000000000000000e+02 1.000000000000000000e+00
1.760000000000000000e+02 5.230000000000000000e+02 1.000000000000000000e+00
4.130000000000000000e+02 5.540000000000000000e+02 1.000000000000000000e+00
7.400000000000000000e+02 6.030000000000000000e+02 1.000000000000000000e+00
6.590000000000000000e+02 5.920000000000000000e+02 1.000000000000000000e+00
7.720000000000000000e+02 6.160000000000000000e+02 1.000000000000000000e+00
6.800000000000000000e+02 6.140000000000000000e+02 1.000000000000000000e+00
2.710000000000000000e+02 5.370000000000000000e+02 1.000000000000000000e+00
6.400000000000000000e+02 6.250000000000000000e+02 1.000000000000000000e+00
7.420000000000000000e+02 6.520000000000000000e+02 1.000000000000000000e+00
7.300000000000000000e+02 6.590000000000000000e+02 1.000000000000000000e+00
7.750000000000000000e+02 6.570000000000000000e+02 1.000000000000000000e+00
6.320000000000000000e+02 6.370000000000000000e+02 1.000000000000000000e+00
1.790000000000000000e+02 5.860000000000000000e+02 1.000000000000000000e+00
1.680000000000000000e+02 5.950000000000000000e+02 1.000000000000000000e+00
2.240000000000000000e+02 6.030000000000000000e+02 1.000000000000000000e+00
6.180000000000000000e+02 6.780000000000000000e+02 1.000000000000000000e+00
7.270000000000000000e+02 6.940000000000000000e+02 1.000000000000000000e+00
1.670000000000000000e+02 6.130000000000000000e+02 1.000000000000000000e+00
8.320000000000000000e+02 6.850000000000000000e+02 1.000000000000000000e+00
1.420000000000000000e+02 6.170000000000000000e+02 1.000000000000000000e+00
6.150000000000000000e+02 6.900000000000000000e+02 1.000000000000000000e+00
6.350000000000000000e+02 6.980000000000000000e+02 1.000000000000000000e+00
6.610000000000000000e+02 7.030000000000000000e+02 1.000000000000000000e+00
7.200000000000000000e+02 7.140000000000000000e+02 1.000000000000000000e+00
4.030000000000000000e+02 6.580000000000000000e+02 1.000000000000000000e+00
6.590000000000000000e+02 7.180000000000000000e+02 1.000000000000000000e+00
4.150000000000000000e+02 6.730000000000000000e+02 1.000000000000000000e+00
7.100000000000000000e+02 7.280000000000000000e+02 1.000000000000000000e+00
6.380000000000000000e+02 7.220000000000000000e+02 1.000000000000000000e+00
6.770000000000000000e+02 7.310000000000000000e+02 1.000000000000000000e+00
6.870000000000000000e+02 7.420000000000000000e+02 1.000000000000000000e+00
1.700000000000000000e+02 6.830000000000000000e+02 1.000000000000000000e+00
1.840000000000000000e+02 6.850000000000000000e+02 1.000000000000000000e+00
4.270000000000000000e+02 7.360000000000000000e+02 1.000000000000000000e+00
6.860000000000000000e+02 7.770000000000000000e+02 1.000000000000000000e+00
4.010000000000000000e+02 7.320000000000000000e+02 1.000000000000000000e+00
1.830000000000000000e+02 7.180000000000000000e+02 1.000000000000000000e+00
2.230000000000000000e+02 7.200000000000000000e+02 1.000000000000000000e+00
5.560000000000000000e+02 7.570000000000000000e+02 1.000000000000000000e+00
2.440000000000000000e+02 7.360000000000000000e+02 1.000000000000000000e+00
4.620000000000000000e+02 7.680000000000000000e+02 1.000000000000000000e+00
5.680000000000000000e+02 7.870000000000000000e+02 1.000000000000000000e+00
1.870000000000000000e+02 7.540000000000000000e+02 1.000000000000000000e+00
3.950000000000000000e+02 7.690000000000000000e+02 1.000000000000000000e+00
3.580000000000000000e+02 7.740000000000000000e+02 1.000000000000000000e+00
2.300000000000000000e+02 7.560000000000000000e+02 1.000000000000000000e+00
4.680000000000000000e+02 7.900000000000000000e+02 1.000000000000000000e+00
4.990000000000000000e+02 7.900000000000000000e+02 1.000000000000000000e+00
7.100000000000000000e+02 8.260000000000000000e+02 1.000000000000000000e+00
1.730000000000000000e+02 7.630000000000000000e+02 1.000000000000000000e+00
2.440000000000000000e+02 7.720000000000000000e+02 1.000000000000000000e+00
1.060000000000000000e+02 7.540000000000000000e+02 1.000000000000000000e+00
6.760000000000000000e+02 8.270000000000000000e+02 1.000000000000000000e+00
5.480000000000000000e+02 8.090000000000000000e+02 1.000000000000000000e+00
1.850000000000000000e+02 7.790000000000000000e+02 1.000000000000000000e+00
2.130000000000000000e+02 7.790000000000000000e+02 1.000000000000000000e+00
4.470000000000000000e+02 8.020000000000000000e+02 1.000000000000000000e+00
2.280000000000000000e+02 7.800000000000000000e+02 1.000000000000000000e+00
5.360000000000000000e+02 8.270000000000000000e+02 1.000000000000000000e+00
3.840000000000000000e+02 8.050000000000000000e+02 1.000000000000000000e+00
5.500000000000000000e+02 8.280000000000000000e+02 1.000000000000000000e+00
7.430000000000000000e+02 8.650000000000000000e+02 1.000000000000000000e+00
7.680000000000000000e+02 8.670000000000000000e+02 1.000000000000000000e+00
1.670000000000000000e+02 7.920000000000000000e+02 1.000000000000000000e+00
5.120000000000000000e+02 8.280000000000000000e+02 1.000000000000000000e+00
7.210000000000000000e+02 8.680000000000000000e+02 1.000000000000000000e+00
1.330000000000000000e+02 7.970000000000000000e+02 1.000000000000000000e+00
4.090000000000000000e+02 8.240000000000000000e+02 1.000000000000000000e+00
3.800000000000000000e+02 8.250000000000000000e+02 1.000000000000000000e+00
2.450000000000000000e+02 8.080000000000000000e+02 1.000000000000000000e+00
6.420000000000000000e+02 8.520000000000000000e+02 1.000000000000000000e+00
3.470000000000000000e+02 8.250000000000000000e+02 1.000000000000000000e+00
6.560000000000000000e+02 8.730000000000000000e+02 1.000000000000000000e+00
3.190000000000000000e+02 8.260000000000000000e+02 1.000000000000000000e+00
5.440000000000000000e+02 8.500000000000000000e+02 1.000000000000000000e+00
6.270000000000000000e+02 8.760000000000000000e+02 1.000000000000000000e+00
7.540000000000000000e+02 8.950000000000000000e+02 1.000000000000000000e+00
3.290000000000000000e+02 8.480000000000000000e+02 1.000000000000000000e+00
6.150000000000000000e+02 8.880000000000000000e+02 1.000000000000000000e+00
5.580000000000000000e+02 8.770000000000000000e+02 1.000000000000000000e+00
2.830000000000000000e+02 8.550000000000000000e+02 1.000000000000000000e+00
5.280000000000000000e+02 8.760000000000000000e+02 1.000000000000000000e+00
5.450000000000000000e+02 8.760000000000000000e+02 1.000000000000000000e+00
5.000000000000000000e+02 8.820000000000000000e+02 1.000000000000000000e+00
7.200000000000000000e+02 9.050000000000000000e+02 1.000000000000000000e+00
3.780000000000000000e+02 8.800000000000000000e+02 1.000000000000000000e+00
5.670000000000000000e+02 8.980000000000000000e+02 1.000000000000000000e+00
6.440000000000000000e+02 9.230000000000000000e+02 1.000000000000000000e+00
6.030000000000000000e+02 9.220000000000000000e+02 1.000000000000000000e+00
6.140000000000000000e+02 9.200000000000000000e+02 1.000000000000000000e+00
4.010000000000000000e+02 9.010000000000000000e+02 1.000000000000000000e+00
7.390000000000000000e+02 9.400000000000000000e+02 1.000000000000000000e+00
7.620000000000000000e+02 9.420000000000000000e+02 1.000000000000000000e+00
6.570000000000000000e+02 9.260000000000000000e+02 1.000000000000000000e+00
5.410000000000000000e+02 9.270000000000000000e+02 1.000000000000000000e+00
4.420000000000000000e+02 9.150000000000000000e+02 1.000000000000000000e+00
1.530000000000000000e+02 8.790000000000000000e+02 1.000000000000000000e+00
1.690000000000000000e+02 8.920000000000000000e+02 1.000000000000000000e+00
7.660000000000000000e+02 9.430000000000000000e+02 1.000000000000000000e+00
6.270000000000000000e+02 9.540000000000000000e+02 1.000000000000000000e+00
7.410000000000000000e+02 9.640000000000000000e+02 1.000000000000000000e+00
1.220000000000000000e+02 8.950000000000000000e+02 1.000000000000000000e+00
1.860000000000000000e+02 9.140000000000000000e+02 1.000000000000000000e+00
5.730000000000000000e+02 9.590000000000000000e+02 1.000000000000000000e+00
2.320000000000000000e+02 9.190000000000000000e+02 1.000000000000000000e+00
5.590000000000000000e+02 9.490000000000000000e+02 1.000000000000000000e+00
7.210000000000000000e+02 9.740000000000000000e+02 1.000000000000000000e+00
5.110000000000000000e+02 9.590000000000000000e+02 1.000000000000000000e+00
5.280000000000000000e+02 9.590000000000000000e+02 1.000000000000000000e+00
6.350000000000000000e+02 9.760000000000000000e+02 1.000000000000000000e+00
1.550000000000000000e+02 9.180000000000000000e+02 1.000000000000000000e+00
2.420000000000000000e+02 9.330000000000000000e+02 1.000000000000000000e+00
1.210000000000000000e+02 9.200000000000000000e+02 1.000000000000000000e+00
9.900000000000000000e+01 9.240000000000000000e+02 1.000000000000000000e+00
5.790000000000000000e+02 9.760000000000000000e+02 1.000000000000000000e+00
4.890000000000000000e+02 9.710000000000000000e+02 1.000000000000000000e+00
5.290000000000000000e+02 9.750000000000000000e+02 1.000000000000000000e+00
5.410000000000000000e+02 9.770000000000000000e+02 1.000000000000000000e+00
5.550000000000000000e+02 9.770000000000000000e+02 1.000000000000000000e+00
7.010000000000000000e+02 9.970000000000000000e+02 1.000000000000000000e+00
1.890000000000000000e+02 9.600000000000000000e+02 1.000000000000000000e+00
2.090000000000000000e+02 9.620000000000000000e+02 1.000000000000000000e+00
7.080000000000000000e+02 1.007000000000000000e+03 1.000000000000000000e+00
6.730000000000000000e+02 1.006000000000000000e+03 1.000000000000000000e+00
1.260000000000000000e+02 9.600000000000000000e+02 1.000000000000000000e+00
3.670000000000000000e+02 9.690000000000000000e+02 1.000000000000000000e+00
2.030000000000000000e+02 9.720000000000000000e+02 1.000000000000000000e+00
1.480000000000000000e+02 9.770000000000000000e+02 1.000000000000000000e+00
2.070000000000000000e+02 9.880000000000000000e+02 1.000000000000000000e+00
7.060000000000000000e+02 1.038000000000000000e+03 1.000000000000000000e+00
7.500000000000000000e+01 9.760000000000000000e+02 1.000000000000000000e+00
7.250000000000000000e+02 1.038000000000000000e+03 1.000000000000000000e+00
1.950000000000000000e+02 1.001000000000000000e+03 1.000000000000000000e+00
6.840000000000000000e+02 1.046000000000000000e+03 1.000000000000000000e+00
7.040000000000000000e+02 1.050000000000000000e+03 1.000000000000000000e+00
7.800000000000000000e+01 9.890000000000000000e+02 1.000000000000000000e+00
1.710000000000000000e+02 1.011000000000000000e+03 1.000000000000000000e+00
1.870000000000000000e+02 1.013000000000000000e+03 1.000000000000000000e+00
1.450000000000000000e+02 1.009000000000000000e+03 1.000000000000000000e+00
6.820000000000000000e+02 1.050000000000000000e+03 1.000000000000000000e+00
4.850000000000000000e+02 1.046000000000000000e+03 1.000000000000000000e+00
7.030000000000000000e+02 1.054000000000000000e+03 1.000000000000000000e+00
5.890000000000000000e+02 1.073000000000000000e+03 1.000000000000000000e+00
5.300000000000000000e+02 1.061000000000000000e+03 1.000000000000000000e+00
1.460000000000000000e+02 1.031000000000000000e+03 1.000000000000000000e+00
7.640000000000000000e+02 1.083000000000000000e+03 1.000000000000000000e+00
5.470000000000000000e+02 1.060000000000000000e+03 1.000000000000000000e+00
7.070000000000000000e+02 1.083000000000000000e+03 1.000000000000000000e+00
6.880000000000000000e+02 1.083000000000000000e+03 1.000000000000000000e+00
6.710000000000000000e+02 1.088000000000000000e+03 1.000000000000000000e+00
4.230000000000000000e+02 1.068000000000000000e+03 1.000000000000000000e+00
5.030000000000000000e+02 1.071000000000000000e+03 1.000000000000000000e+00
4.470000000000000000e+02 1.073000000000000000e+03 1.000000000000000000e+00
7.210000000000000000e+02 1.100000000000000000e+03 1.000000000000000000e+00
1.420000000000000000e+02 1.062000000000000000e+03 1.000000000000000000e+00
2.980000000000000000e+02 1.074000000000000000e+03 1.000000000000000000e+00
3.880000000000000000e+02 1.076000000000000000e+03 1.000000000000000000e+00
4.640000000000000000e+02 1.083000000000000000e+03 1.000000000000000000e+00
6.520000000000000000e+02 1.102000000000000000e+03 1.000000000000000000e+00
4.470000000000000000e+02 1.082000000000000000e+03 1.000000000000000000e+00
7.630000000000000000e+02 1.113000000000000000e+03 1.000000000000000000e+00
3.810000000000000000e+02 1.086000000000000000e+03 1.000000000000000000e+00
5.380000000000000000e+02 1.106000000000000000e+03 1.000000000000000000e+00
7.550000000000000000e+02 1.122000000000000000e+03 1.000000000000000000e+00
7.650000000000000000e+02 1.122000000000000000e+03 1.000000000000000000e+00
4.140000000000000000e+02 1.095000000000000000e+03 1.000000000000000000e+00
6.410000000000000000e+02 1.118000000000000000e+03 1.000000000000000000e+00
3.770000000000000000e+02 1.088000000000000000e+03 1.000000000000000000e+00
5.750000000000000000e+02 1.121000000000000000e+03 1.000000000000000000e+00
6.960000000000000000e+02 1.122000000000000000e+03 1.000000000000000000e+00
2.870000000000000000e+02 1.093000000000000000e+03 1.000000000000000000e+00
7.400000000000000000e+02 1.134000000000000000e+03 1.000000000000000000e+00
7.660000000000000000e+02 1.136000000000000000e+03 1.000000000000000000e+00
1.170000000000000000e+02 1.086000000000000000e+03 1.000000000000000000e+00
5.080000000000000000e+02 1.117000000000000000e+03 1.000000000000000000e+00
6.280000000000000000e+02 1.134000000000000000e+03 1.000000000000000000e+00
5.510000000000000000e+02 1.138000000000000000e+03 1.000000000000000000e+00
6.020000000000000000e+02 1.135000000000000000e+03 1.000000000000000000e+00
5.770000000000000000e+02 1.137000000000000000e+03 1.000000000000000000e+00
6.720000000000000000e+02 1.139000000000000000e+03 1.000000000000000000e+00
1.720000000000000000e+02 1.109000000000000000e+03 1.000000000000000000e+00
5.390000000000000000e+02 1.139000000000000000e+03 1.000000000000000000e+00
2.980000000000000000e+02 1.108000000000000000e+03 1.000000000000000000e+00
1.730000000000000000e+02 1.122000000000000000e+03 1.000000000000000000e+00
4.500000000000000000e+02 1.135000000000000000e+03 1.000000000000000000e+00
4.750000000000000000e+02 1.132000000000000000e+03 1.000000000000000000e+00
5.620000000000000000e+02 1.154000000000000000e+03 1.000000000000000000e+00
2.060000000000000000e+02 1.132000000000000000e+03 1.000000000000000000e+00
3.700000000000000000e+02 1.145000000000000000e+03 1.000000000000000000e+00
3.590000000000000000e+02 1.138000000000000000e+03 1.000000000000000000e+00
1.180000000000000000e+02 1.126000000000000000e+03 1.000000000000000000e+00
5.530000000000000000e+02 1.159000000000000000e+03 1.000000000000000000e+00
5.790000000000000000e+02 1.163000000000000000e+03 1.000000000000000000e+00
6.720000000000000000e+02 1.163000000000000000e+03 1.000000000000000000e+00
2.720000000000000000e+02 1.142000000000000000e+03 1.000000000000000000e+00
1.770000000000000000e+02 1.141000000000000000e+03 1.000000000000000000e+00
1.320000000000000000e+02 1.126000000000000000e+03 1.000000000000000000e+00
6.260000000000000000e+02 1.174000000000000000e+03 1.000000000000000000e+00
2.040000000000000000e+02 1.147000000000000000e+03 1.000000000000000000e+00
5.930000000000000000e+02 1.180000000000000000e+03 1.000000000000000000e+00
6.620000000000000000e+02 1.175000000000000000e+03 1.000000000000000000e+00
4.850000000000000000e+02 1.163000000000000000e+03 1.000000000000000000e+00
7.660000000000000000e+02 1.185000000000000000e+03 1.000000000000000000e+00
5.790000000000000000e+02 1.180000000000000000e+03 1.000000000000000000e+00
1.850000000000000000e+02 1.154000000000000000e+03 1.000000000000000000e+00
1.660000000000000000e+02 1.156000000000000000e+03 1.000000000000000000e+00
5.390000000000000000e+02 1.183000000000000000e+03 1.000000000000000000e+00
2.590000000000000000e+02 1.158000000000000000e+03 1.000000000000000000e+00
3.900000000000000000e+02 1.168000000000000000e+03 1.000000000000000000e+00
6.250000000000000000e+02 1.188000000000000000e+03 1.000000000000000000e+00
1.320000000000000000e+02 1.156000000000000000e+03 1.000000000000000000e+00
6.100000000000000000e+02 1.186000000000000000e+03 1.000000000000000000e+00
1.190000000000000000e+02 1.159000000000000000e+03 1.000000000000000000e+00
3.320000000000000000e+02 1.174000000000000000e+03 1.000000000000000000e+00
8.700000000000000000e+01 1.161000000000000000e+03 1.000000000000000000e+00
3.470000000000000000e+02 1.174000000000000000e+03 1.000000000000000000e+00
5.390000000000000000e+02 1.187000000000000000e+03 1.000000000000000000e+00
2.030000000000000000e+02 1.182000000000000000e+03 1.000000000000000000e+00
4.850000000000000000e+02 1.186000000000000000e+03 1.000000000000000000e+00
6.100000000000000000e+02 1.202000000000000000e+03 1.000000000000000000e+00
6.260000000000000000e+02 1.207000000000000000e+03 1.000000000000000000e+00
7.410000000000000000e+02 1.204000000000000000e+03 1.000000000000000000e+00
4.360000000000000000e+02 1.186000000000000000e+03 1.000000000000000000e+00
6.890000000000000000e+02 1.204000000000000000e+03 1.000000000000000000e+00
5.390000000000000000e+02 1.200000000000000000e+03 1.000000000000000000e+00
5.350000000000000000e+02 1.200000000000000000e+03 1.000000000000000000e+00
3.710000000000000000e+02 1.192000000000000000e+03 1.000000000000000000e+00
1.800000000000000000e+02 1.191000000000000000e+03 1.000000000000000000e+00
3.280000000000000000e+02 1.191000000000000000e+03 1.000000000000000000e+00
3.420000000000000000e+02 1.201000000000000000e+03 1.000000000000000000e+00
6.280000000000000000e+02 1.218000000000000000e+03 1.000000000000000000e+00
7.420000000000000000e+02 1.222000000000000000e+03 1.000000000000000000e+00
7.640000000000000000e+02 1.226000000000000000e+03 1.000000000000000000e+00
5.130000000000000000e+02 1.211000000000000000e+03 1.000000000000000000e+00
6.100000000000000000e+02 1.222000000000000000e+03 1.000000000000000000e+00
3.100000000000000000e+02 1.201000000000000000e+03 1.000000000000000000e+00
2.570000000000000000e+02 1.201000000000000000e+03 1.000000000000000000e+00
2.770000000000000000e+02 1.200000000000000000e+03 1.000000000000000000e+00
1.200000000000000000e+02 1.203000000000000000e+03 1.000000000000000000e+00
4.840000000000000000e+02 1.217000000000000000e+03 1.000000000000000000e+00
8.300000000000000000e+01 1.206000000000000000e+03 1.000000000000000000e+00
2.000000000000000000e+02 1.212000000000000000e+03 1.000000000000000000e+00
7.440000000000000000e+02 1.239000000000000000e+03 1.000000000000000000e+00
7.660000000000000000e+02 1.239000000000000000e+03 1.000000000000000000e+00
2.930000000000000000e+02 1.214000000000000000e+03 1.000000000000000000e+00
2.680000000000000000e+02 1.216000000000000000e+03 1.000000000000000000e+00
5.150000000000000000e+02 1.229000000000000000e+03 1.000000000000000000e+00
5.810000000000000000e+02 1.238000000000000000e+03 1.000000000000000000e+00
7.900000000000000000e+01 1.207000000000000000e+03 1.000000000000000000e+00
6.570000000000000000e+02 1.242000000000000000e+03 1.000000000000000000e+00
2.600000000000000000e+02 1.216000000000000000e+03 1.000000000000000000e+00
6.240000000000000000e+02 1.241000000000000000e+03 1.000000000000000000e+00
2.060000000000000000e+02 1.225000000000000000e+03 1.000000000000000000e+00
4.290000000000000000e+02 1.233000000000000000e+03 1.000000000000000000e+00
2.460000000000000000e+02 1.230000000000000000e+03 1.000000000000000000e+00
4.160000000000000000e+02 1.232000000000000000e+03 1.000000000000000000e+00
6.240000000000000000e+02 1.246000000000000000e+03 1.000000000000000000e+00
7.630000000000000000e+02 1.254000000000000000e+03 1.000000000000000000e+00
9.100000000000000000e+01 1.221000000000000000e+03 1.000000000000000000e+00
2.960000000000000000e+02 1.234000000000000000e+03 1.000000000000000000e+00
6.040000000000000000e+02 1.258000000000000000e+03 1.000000000000000000e+00
7.200000000000000000e+02 1.247000000000000000e+03 1.000000000000000000e+00
2.750000000000000000e+02 1.226000000000000000e+03 1.000000000000000000e+00
3.120000000000000000e+02 1.232000000000000000e+03 1.000000000000000000e+00
5.510000000000000000e+02 1.250000000000000000e+03 1.000000000000000000e+00
5.750000000000000000e+02 1.252000000000000000e+03 1.000000000000000000e+00
5.350000000000000000e+02 1.250000000000000000e+03 1.000000000000000000e+00
6.460000000000000000e+02 1.253000000000000000e+03 1.000000000000000000e+00
7.640000000000000000e+02 1.265000000000000000e+03 1.000000000000000000e+00
2.290000000000000000e+02 1.241000000000000000e+03 1.000000000000000000e+00
4.040000000000000000e+02 1.249000000000000000e+03 1.000000000000000000e+00
1.650000000000000000e+02 1.244000000000000000e+03 1.000000000000000000e+00
4.000000000000000000e+02 1.249000000000000000e+03 1.000000000000000000e+00
7.530000000000000000e+02 1.266000000000000000e+03 1.000000000000000000e+00
1.780000000000000000e+02 1.244000000000000000e+03 1.000000000000000000e+00
2.520000000000000000e+02 1.245000000000000000e+03 1.000000000000000000e+00
4.470000000000000000e+02 1.255000000000000000e+03 1.000000000000000000e+00
6.940000000000000000e+02 1.271000000000000000e+03 1.000000000000000000e+00
4.840000000000000000e+02 1.260000000000000000e+03 1.000000000000000000e+00
1.340000000000000000e+02 1.251000000000000000e+03 1.000000000000000000e+00
2.780000000000000000e+02 1.250000000000000000e+03 1.000000000000000000e+00
1.170000000000000000e+02 1.249000000000000000e+03 1.000000000000000000e+00
2.340000000000000000e+02 1.260000000000000000e+03 1.000000000000000000e+00
7.040000000000000000e+02 1.274000000000000000e+03 1.000000000000000000e+00
1.640000000000000000e+02 1.252000000000000000e+03 1.000000000000000000e+00
2.600000000000000000e+02 1.265000000000000000e+03 1.000000000000000000e+00
3.580000000000000000e+02 1.269000000000000000e+03 1.000000000000000000e+00
5.760000000000000000e+02 1.286000000000000000e+03 1.000000000000000000e+00
6.060000000000000000e+02 1.283000000000000000e+03 1.000000000000000000e+00
9.500000000000000000e+01 1.256000000000000000e+03 1.000000000000000000e+00
1.180000000000000000e+02 1.266000000000000000e+03 1.000000000000000000e+00
2.200000000000000000e+02 1.260000000000000000e+03 1.000000000000000000e+00
5.220000000000000000e+02 1.288000000000000000e+03 1.000000000000000000e+00
1.770000000000000000e+02 1.277000000000000000e+03 1.000000000000000000e+00
1.410000000000000000e+02 1.277000000000000000e+03 1.000000000000000000e+00
1.520000000000000000e+02 1.269000000000000000e+03 1.000000000000000000e+00
4.250000000000000000e+02 1.288000000000000000e+03 1.000000000000000000e+00
2.920000000000000000e+02 1.289000000000000000e+03 1.000000000000000000e+00
2.760000000000000000e+02 1.288000000000000000e+03 1.000000000000000000e+00
3.370000000000000000e+02 1.294000000000000000e+03 1.000000000000000000e+00
4.560000000000000000e+02 1.303000000000000000e+03 1.000000000000000000e+00
4.120000000000000000e+02 1.301000000000000000e+03 1.000000000000000000e+00
4.420000000000000000e+02 1.298000000000000000e+03 1.000000000000000000e+00
4.510000000000000000e+02 1.301000000000000000e+03 1.000000000000000000e+00
6.590000000000000000e+02 1.296000000000000000e+03 1.000000000000000000e+00
3.970000000000000000e+02 1.301000000000000000e+03 1.000000000000000000e+00
4.600000000000000000e+02 1.310000000000000000e+03 1.000000000000000000e+00
7.010000000000000000e+02 1.319000000000000000e+03 1.000000000000000000e+00
2.910000000000000000e+02 1.306000000000000000e+03 1.000000000000000000e+00
6.240000000000000000e+02 1.314000000000000000e+03 1.000000000000000000e+00
5.220000000000000000e+02 1.320000000000000000e+03 1.000000000000000000e+00
2.760000000000000000e+02 1.309000000000000000e+03 1.000000000000000000e+00
4.740000000000000000e+02 1.326000000000000000e+03 1.000000000000000000e+00
1.650000000000000000e+02 1.319000000000000000e+03 1.000000000000000000e+00
2.910000000000000000e+02 1.328000000000000000e+03 1.000000000000000000e+00
3.020000000000000000e+02 1.337000000000000000e+03 1.000000000000000000e+00
2.600000000000000000e+02 1.337000000000000000e+03 1.000000000000000000e+00
2.710000000000000000e+02 1.340000000000000000e+03 1.000000000000000000e+00
2.900000000000000000e+02 1.340000000000000000e+03 1.000000000000000000e+00
4.990000000000000000e+02 1.344000000000000000e+03 1.000000000000000000e+00
6.820000000000000000e+02 1.349000000000000000e+03 1.000000000000000000e+00
7.000000000000000000e+02 1.355000000000000000e+03 1.000000000000000000e+00
1.650000000000000000e+02 1.333000000000000000e+03 1.000000000000000000e+00
5.760000000000000000e+02 1.362000000000000000e+03 1.000000000000000000e+00
3.210000000000000000e+02 1.348000000000000000e+03 1.000000000000000000e+00
4.480000000000000000e+02 1.359000000000000000e+03 1.000000000000000000e+00
5.000000000000000000e+02 1.355000000000000000e+03 1.000000000000000000e+00
5.900000000000000000e+02 1.367000000000000000e+03 1.000000000000000000e+00
7.140000000000000000e+02 1.373000000000000000e+03 1.000000000000000000e+00
4.820000000000000000e+02 1.359000000000000000e+03 1.000000000000000000e+00
6.460000000000000000e+02 1.369000000000000000e+03 1.000000000000000000e+00
3.050000000000000000e+02 1.362000000000000000e+03 1.000000000000000000e+00
3.620000000000000000e+02 1.362000000000000000e+03 1.000000000000000000e+00
3.750000000000000000e+02 1.363000000000000000e+03 1.000000000000000000e+00
3.410000000000000000e+02 1.363000000000000000e+03 1.000000000000000000e+00
4.320000000000000000e+02 1.369000000000000000e+03 1.000000000000000000e+00
2.040000000000000000e+02 1.364000000000000000e+03 1.000000000000000000e+00
5.900000000000000000e+02 1.381000000000000000e+03 1.000000000000000000e+00
2.700000000000000000e+02 1.365000000000000000e+03 1.000000000000000000e+00
1.150000000000000000e+02 1.370000000000000000e+03 1.000000000000000000e+00
1.430000000000000000e+02 1.371000000000000000e+03 1.000000000000000000e+00
2.560000000000000000e+02 1.367000000000000000e+03 1.000000000000000000e+00
2.940000000000000000e+02 1.375000000000000000e+03 1.000000000000000000e+00
3.230000000000000000e+02 1.371000000000000000e+03 1.000000000000000000e+00
6.250000000000000000e+02 1.391000000000000000e+03 1.000000000000000000e+00
7.030000000000000000e+02 1.390000000000000000e+03 1.000000000000000000e+00
1.760000000000000000e+02 1.379000000000000000e+03 1.000000000000000000e+00
5.760000000000000000e+02 1.390000000000000000e+03 1.000000000000000000e+00
2.700000000000000000e+02 1.373000000000000000e+03 1.000000000000000000e+00
4.300000000000000000e+02 1.382000000000000000e+03 1.000000000000000000e+00
2.320000000000000000e+02 1.383000000000000000e+03 1.000000000000000000e+00
3.430000000000000000e+02 1.384000000000000000e+03 1.000000000000000000e+00
3.560000000000000000e+02 1.384000000000000000e+03 1.000000000000000000e+00
6.250000000000000000e+02 1.395000000000000000e+03 1.000000000000000000e+00
7.280000000000000000e+02 1.390000000000000000e+03 1.000000000000000000e+00
4.070000000000000000e+02 1.397000000000000000e+03 1.000000000000000000e+00
1.260000000000000000e+02 1.385000000000000000e+03 1.000000000000000000e+00
4.830000000000000000e+02 1.395000000000000000e+03 1.000000000000000000e+00
5.400000000000000000e+02 1.399000000000000000e+03 1.000000000000000000e+00
3.860000000000000000e+02 1.398000000000000000e+03 1.000000000000000000e+00
4.660000000000000000e+02 1.397000000000000000e+03 1.000000000000000000e+00
4.310000000000000000e+02 1.398000000000000000e+03 1.000000000000000000e+00
5.600000000000000000e+02 1.396000000000000000e+03 1.000000000000000000e+00
2.040000000000000000e+02 1.394000000000000000e+03 1.000000000000000000e+00
2.710000000000000000e+02 1.395000000000000000e+03 1.000000000000000000e+00
3.040000000000000000e+02 1.394000000000000000e+03 1.000000000000000000e+00
2.560000000000000000e+02 1.395000000000000000e+03 1.000000000000000000e+00
2.870000000000000000e+02 1.399000000000000000e+03 1.000000000000000000e+00
1.640000000000000000e+02 1.395000000000000000e+03 1.000000000000000000e+00
1.490000000000000000e+02 1.399000000000000000e+03 1.000000000000000000e+00
6.820000000000000000e+02 1.412000000000000000e+03 1.000000000000000000e+00
3.390000000000000000e+02 1.411000000000000000e+03 1.000000000000000000e+00
3.990000000000000000e+02 1.413000000000000000e+03 1.000000000000000000e+00
4.150000000000000000e+02 1.412000000000000000e+03 1.000000000000000000e+00
3.060000000000000000e+02 1.411000000000000000e+03 1.000000000000000000e+00
4.420000000000000000e+02 1.412000000000000000e+03 1.000000000000000000e+00
5.500000000000000000e+02 1.417000000000000000e+03 1.000000000000000000e+00
5.640000000000000000e+02 1.417000000000000000e+03 1.000000000000000000e+00
7.110000000000000000e+02 1.420000000000000000e+03 1.000000000000000000e+00
1.640000000000000000e+02 1.412000000000000000e+03 1.000000000000000000e+00
2.030000000000000000e+02 1.411000000000000000e+03 1.000000000000000000e+00
6.080000000000000000e+02 1.427000000000000000e+03 1.000000000000000000e+00
4.820000000000000000e+02 1.417000000000000000e+03 1.000000000000000000e+00
4.480000000000000000e+02 1.427000000000000000e+03 1.000000000000000000e+00
4.320000000000000000e+02 1.428000000000000000e+03 1.000000000000000000e+00
2.850000000000000000e+02 1.424000000000000000e+03 1.000000000000000000e+00
6.590000000000000000e+02 1.438000000000000000e+03 1.000000000000000000e+00
5.490000000000000000e+02 1.447000000000000000e+03 1.000000000000000000e+00
2.340000000000000000e+02 1.440000000000000000e+03 1.000000000000000000e+00
3.780000000000000000e+02 1.441000000000000000e+03 1.000000000000000000e+00
4.810000000000000000e+02 1.438000000000000000e+03 1.000000000000000000e+00
5.710000000000000000e+02 1.437000000000000000e+03 1.000000000000000000e+00
7.390000000000000000e+02 1.450000000000000000e+03 1.000000000000000000e+00
2.640000000000000000e+02 1.442000000000000000e+03 1.000000000000000000e+00
5.370000000000000000e+02 1.447000000000000000e+03 1.000000000000000000e+00
7.140000000000000000e+02 1.445000000000000000e+03 1.000000000000000000e+00
2.190000000000000000e+02 1.441000000000000000e+03 1.000000000000000000e+00
1.370000000000000000e+02 1.440000000000000000e+03 1.000000000000000000e+00
4.820000000000000000e+02 1.447000000000000000e+03 1.000000000000000000e+00
5.750000000000000000e+02 1.449000000000000000e+03 1.000000000000000000e+00
5.910000000000000000e+02 1.456000000000000000e+03 1.000000000000000000e+00
6.250000000000000000e+02 1.448000000000000000e+03 1.000000000000000000e+00
1.650000000000000000e+02 1.441000000000000000e+03 1.000000000000000000e+00
4.440000000000000000e+02 1.457000000000000000e+03 1.000000000000000000e+00
5.380000000000000000e+02 1.460000000000000000e+03 1.000000000000000000e+00
1.050000000000000000e+02 1.459000000000000000e+03 1.000000000000000000e+00
1.650000000000000000e+02 1.465000000000000000e+03 1.000000000000000000e+00
1.760000000000000000e+02 1.465000000000000000e+03 1.000000000000000000e+00
2.110000000000000000e+02 1.464000000000000000e+03 1.000000000000000000e+00
2.180000000000000000e+02 1.464000000000000000e+03 1.000000000000000000e+00
2.610000000000000000e+02 1.457000000000000000e+03 1.000000000000000000e+00
2.790000000000000000e+02 1.460000000000000000e+03 1.000000000000000000e+00
3.700000000000000000e+02 1.469000000000000000e+03 1.000000000000000000e+00
7.650000000000000000e+02 1.472000000000000000e+03 1.000000000000000000e+00
2.070000000000000000e+02 1.467000000000000000e+03 1.000000000000000000e+00
3.470000000000000000e+02 1.469000000000000000e+03 1.000000000000000000e+00
4.910000000000000000e+02 1.473000000000000000e+03 1.000000000000000000e+00
5.320000000000000000e+02 1.469000000000000000e+03 1.000000000000000000e+00
5.880000000000000000e+02 1.472000000000000000e+03 1.000000000000000000e+00
6.200000000000000000e+02 1.472000000000000000e+03 1.000000000000000000e+00
7.410000000000000000e+02 1.475000000000000000e+03 1.000000000000000000e+00
4.660000000000000000e+02 1.489000000000000000e+03 1.000000000000000000e+00
1.860000000000000000e+02 1.483000000000000000e+03 1.000000000000000000e+00
2.390000000000000000e+02 1.490000000000000000e+03 1.000000000000000000e+00
5.560000000000000000e+02 1.503000000000000000e+03 1.000000000000000000e+00
5.680000000000000000e+02 1.502000000000000000e+03 1.000000000000000000e+00
3.300000000000000000e+02 1.498000000000000000e+03 1.000000000000000000e+00
4.820000000000000000e+02 1.507000000000000000e+03 1.000000000000000000e+00
1.260000000000000000e+02 1.502000000000000000e+03 1.000000000000000000e+00
1.350000000000000000e+02 1.502000000000000000e+03 1.000000000000000000e+00
2.100000000000000000e+02 1.501000000000000000e+03 1.000000000000000000e+00
6.850000000000000000e+02 1.522000000000000000e+03 1.000000000000000000e+00
7.410000000000000000e+02 1.516000000000000000e+03 1.000000000000000000e+00
7.690000000000000000e+02 1.515000000000000000e+03 1.000000000000000000e+00
5.260000000000000000e+02 1.520000000000000000e+03 1.000000000000000000e+00
6.210000000000000000e+02 1.514000000000000000e+03 1.000000000000000000e+00
5.560000000000000000e+02 1.515000000000000000e+03 1.000000000000000000e+00
5.810000000000000000e+02 1.512000000000000000e+03 1.000000000000000000e+00
6.050000000000000000e+02 1.512000000000000000e+03 1.000000000000000000e+00
1.250000000000000000e+02 1.528000000000000000e+03 1.000000000000000000e+00
1.980000000000000000e+02 1.521000000000000000e+03 1.000000000000000000e+00
5.740000000000000000e+02 1.536000000000000000e+03 1.000000000000000000e+00
6.230000000000000000e+02 1.542000000000000000e+03 1.000000000000000000e+00
