3.882927206392282060e-01
-2.043850339814185624e+00
-2.923889398257263350e-01
6.293730696314751849e-02
-4.663331926338492618e-03
8.419142033111969015e-02
5.269174196238132213e-01
-1.285496059570019112e+00
7.706957175977269259e-01
2.737384897539175466e+00
-1.120177470413585841e-01
7.867025466213657410e+02
-1.284351622171766678e+02
-9.650180843237717454e+02
1.639632890799316004e-10
1.189721033622956838e+03
2.247872016916751363e+02
-1.901254645865697076e-10
6.716099186429666621e-12
1.000000000097106101e+00
-2.677993795403745339e-02
-3.683013830836483898e-02
5.459510036502713826e-01
2.109005566523265013e-02
-1.998879389425730485e-02
5.557699189573397369e-01
7.309692505040950306e-02
-2.079208401635605080e-02
5.894482886827850932e-01
-5.582582614323557818e-02
-1.800609380680168181e-02
5.099152649326552655e-01
8.412945058802746845e-02
-1.289626195432816147e-01
6.573171335823145833e-01
-8.263072208707562816e-02
-1.113508111077652629e-01
5.560647496513390076e-01
-1.764389729743606472e-01
3.499289430823355335e-02
4.510265334437892903e-01
-6.980039278151012327e-02
-1.341319746222737197e-01
5.631868305706531075e-01
-1.614081903190321965e-01
-1.885258066036634150e-01
5.655825373858546223e-01
2.632500034144244147e-02
-2.274826982575379186e-01
6.237083173557994575e-01
-1.902521741576329029e-01
-2.034723015735687979e-01
5.757125086316521312e-01
-4.153024520405321912e-02
-7.310023086915824753e-02
5.664329582412707120e-01
8.867603247880804368e-03
-2.168444002137624727e-02
5.436795046050932889e-01
-3.408675396676951602e-02
-6.016701621461585658e-02
5.619105916266382561e-01
-6.048375278107667730e-02
-2.489052964443597138e-01
5.839971337137619400e-01
-4.629237389742872633e-02
-7.102381270165095128e-02
5.745784118360875992e-01
-1.956213643785302547e-01
-2.099696120844533886e-01
5.797605295501703226e-01
-1.215787418830168581e-01
-1.460491273150190117e-01
5.555456202027868606e-01
-5.925194659754530468e-02
-8.532002314541446697e-02
5.808983558042485340e-01
-9.227459499497969383e-03
-4.016953245526477118e-02
5.535977771399719360e-01
-7.735327296621084814e-02
-1.035627971821611176e-01
5.776492624426556866e-01
5.438276713741355128e-02
1.911610767083790283e-02
5.199599891992613410e-01
-9.956577109040513907e-02
-1.099788746203501644e-01
5.596151811180123392e-01
-9.312068654863110695e-02
-1.064101355611031946e-01
5.590680144336214186e-01
6.250906307485123992e-02
-2.305175999863903757e-01
6.398856665191547943e-01
7.468796991098756999e-02
-2.208860606778661195e-01
6.557804155718803818e-01
-1.972823584833427180e-01
-2.117592223539621898e-01
5.792409383788297284e-01
4.360807424779847286e-02
1.664754059167786529e-02
5.202535145428702767e-01
-1.256828054307019549e-01
-1.493728318961231039e-01
5.570443307413117662e-01
-1.187683753803993880e-01
-1.372593067413532264e-01
5.478397137735993017e-01
