7.540461123618037442e-01
1.113815694601778983e+00
9.509086788024923020e-01
-5.331788216255050061e-01
4.259793966421976386e-02
-1.079839265393083697e-01
-4.125595499146689216e-02
8.446349335651287538e-01
-2.904685250678812336e-01
-2.991839604103142536e-01
9.551749315247796135e-01
-1.246887997749704657e-01
7.415562806222244022e-03
8.115667407772608755e-01
-1.246887999152720417e-01
7.415562800794315082e-03
8.115667408462677868e-01
-1.466341027700293620e-01
-1.603469614220371098e-01
9.126822568771599808e-01
-1.315832074523556328e-01
-1.732265184428815885e-01
9.154752966163967054e-01
-1.745840218230026719e-01
-1.460619922679188276e-01
9.134383743740758232e-01
-1.152522113138201992e-01
-1.440030127042359609e-01
9.006643426191250912e-01
-7.356128810840222021e-02
4.618875646542147662e-02
7.577604901978327590e-01
-2.966225575848663309e-01
-9.214816618266703785e-02
9.103423009957900547e-01
-1.695520758065675315e-01
-1.615958361725250425e-01
9.197471985989100762e-01
-1.125498296957487127e-01
-3.074400209414328011e-01
9.460764196912494484e-01
-8.235536550463837258e-02
-1.564007747758594802e-01
9.077854515325860518e-01
-8.235536549843566756e-02
-1.564007747726523789e-01
9.077854519852036619e-01
-9.673469341008791855e-02
7.878770746438537587e-02
7.201185179128122282e-01
-2.733772146755914650e-02
6.364069119887856563e-02
7.141866377130845489e-01
-1.285128033146918647e-01
7.425297017247055320e-03
8.125423922093573115e-01
-1.285128031432410944e-01
7.425296915235881506e-03
8.125423918695642289e-01
-3.003743449113122424e-02
3.633238343434884443e-02
7.550136539178777806e-01
-1.675888000012549228e-01
5.955834373480090732e-02
7.647689935388576332e-01
-1.526391280318417643e-01
1.822663356551387781e-02
8.042193902621708190e-01
-7.397765100631327473e-02
-4.591360968022520361e-02
8.353194313678593552e-01
-7.687796260754840849e-02
3.801730140797018181e-02
7.651412809641879864e-01
-2.773405465446913132e-01
-3.760426199483699744e-02
8.814227474977456289e-01
-2.899078029343699070e-01
1.062309005652758293e-02
8.457952149124340346e-01
-1.126734012022606174e-01
-9.307742229790520738e-02
8.802471714729780405e-01
-3.097284843904440921e-01
-1.442290293931884348e-01
9.284402119096112349e-01
-1.858079285927259072e-01
-1.311228986684818687e-01
9.028112584250603811e-01
-1.465006031711050816e-01
-1.799964228814139588e-01
9.183846414583696216e-01
-1.465006033999628476e-01
-1.799964229277921657e-01
9.183846416631996634e-01
-1.467331212038464894e-01
-1.844369071196256538e-01
9.198627424638148309e-01
-1.467331210305692912e-01
-1.844369070838599856e-01
9.198627424296087485e-01
-7.820945551467660406e-02
-1.563008121147770879e-01
9.072110768240649881e-01
-7.820945570157451787e-02
-1.563008121630072023e-01
9.072110768363154110e-01
-4.244466945297797889e-02
1.772596235685338500e-02
7.749317657719199115e-01
-1.272343333935230247e-01
-3.035944011936013154e-01
9.452278702579821612e-01
-2.908118846890019316e-01
-8.669407580663411605e-02
9.122799219123521874e-01
-2.778102635623292405e-01
-3.952575424800842951e-02
8.799551488585167780e-01
-2.778102635922955477e-01
-3.952575426273393505e-02
8.799551488780960051e-01
-1.992171298968324622e-01
-9.296636424261539577e-03
8.355030312525870695e-01
-1.321491407428257714e-01
-1.636014168712745798e-01
9.194013752602048228e-01
-1.616736619842959188e-01
-1.603596117957778455e-01
9.139621447062891146e-01
-1.959349225791000293e-01
-1.573610214622358783e-01
9.253696783671166992e-01
-7.730794031311630232e-02
4.587199260158803665e-02
7.525804501321494699e-01
-2.829169685865622341e-01
-3.006926284739728228e-01
9.497269217106543149e-01
-1.285669750263458422e-01
-3.625992585102263965e-01
9.551731271101612242e-01
-1.044276606384943740e-01
-3.798479367010615393e-01
9.445467584174527254e-01
-1.296017323974952840e-01
2.179627868879384020e-02
8.022946716345410456e-01
-2.945474805298986531e-01
1.839805500279491357e-02
8.526818095817566556e-01
-2.991857372986529429e-01
2.863043484526315088e-02
8.427491349432966183e-01
-1.325331109291971454e-01
-3.800369946623563533e-01
9.449870901700453407e-01
-8.858402539954778054e-02
-1.565509611273814272e-01
9.086483623441545809e-01
-1.190539260130148713e-01
-3.753360406926670723e-01
9.438935990564272238e-01
4.530411537035907571e-02
-2.343010437918584543e-01
9.202706014168222648e-01
-2.576552925352866841e-01
-1.003850029237526864e-01
9.102458501423836834e-01
-1.485903609053849106e-01
2.761057554774747763e-02
7.876492809588027111e-01
-1.873016586810389017e-01
-1.418954652931213867e-01
9.197942085601126250e-01
-4.847131345334211583e-02
-4.209174847137396591e-02
8.343227024052588536e-01
-4.928979045792709207e-02
-5.418992648619637420e-02
8.322833816196886225e-01
-1.172129796689113518e-01
-1.369863106310792999e-01
9.079984348084492174e-01
-2.037367366585224882e-01
-1.414580573678277664e-01
9.170028695013352493e-01
-2.715972111949572221e-01
3.976564983866864161e-02
8.176856987752029182e-01
-9.277717377651827080e-02
-5.944644017602281408e-03
8.212946223831911752e-01
-9.277717381599361046e-02
-5.944644089973065253e-03
8.212946222495879356e-01
-1.342022084090609413e-01
-1.767236715459162277e-01
9.122121743570741348e-01
-3.217303027154547745e-01
3.634721768526173041e-02
8.456440782870788819e-01
-8.038550124857232748e-02
2.537034932278877525e-02
7.738580109537325225e-01
-8.430525238169797597e-02
-1.305043489559632175e-01
8.849794919827782547e-01
-9.580693947513796438e-02
-3.382189845649645199e-01
9.496329550814587295e-01
-8.246473637860783634e-02
-3.369196540595348344e-01
9.459752433136249250e-01
-2.435388774113041166e-01
-1.213329225275761730e-01
9.213336325855300268e-01
-2.910798762564141828e-01
-3.125916139217923551e-01
9.533633715474464365e-01
-1.108283802140852259e-01
-3.079071150787546784e-01
9.459584234868986252e-01
-2.787450089055708013e-01
-4.334960463706362399e-02
8.770345731453293991e-01
-2.787450089471701364e-01
-4.334960473423279254e-02
8.770345730022818254e-01
-1.129179032215105460e-01
-1.073840261575879917e-01
8.807230602830722344e-01
-4.024774044495930958e-02
-1.569650596979066948e-01
9.051858109442070255e-01
-1.031530243828668314e-01
-1.410821378774935742e-01
9.014848507554819035e-01
-2.691823596658337592e-01
-1.947625449833902678e-01
9.449568442725475581e-01
-2.715271002934014910e-01
-2.979918435600356075e-01
9.479349609614179384e-01
-1.550684592334115874e-01
-1.605546043510487075e-01
9.138517983818051915e-01
-6.005312266524632375e-02
-4.040511157688158467e-02
8.383139431990922485e-01
-1.269938741012358596e-01
-1.626025829304263426e-01
9.196223269172799641e-01
-1.182536253473601695e-01
6.157813718729699543e-02
7.375037396451067373e-01
-3.041886278230674368e-01
1.554401159040392881e-02
8.544694199778851695e-01
-9.102546837691323500e-02
-1.531137254749757592e-01
9.125818274284301923e-01
-1.126029715423420147e-01
-2.199636387759959233e-01
9.209416475229776911e-01
-2.968386401282177567e-01
-1.559803284123207068e-01
9.360984879313208884e-01
-2.080164690343810352e-01
2.819491014405273860e-02
8.039496137690410604e-01
-1.644917467755365181e-01
-6.430621126693350509e-02
8.662811325897129544e-01
-2.885169903945419279e-01
-2.774649004376131822e-01
9.582780644250668001e-01
-1.223315057884985513e-01
-2.185680255825966090e-01
9.238089131720225167e-01
-9.765901545734774480e-02
-4.623300829414984242e-02
8.391208084570969117e-01
-7.949790958079723524e-02
1.418657610198884901e-02
7.822604513744114696e-01
-1.599218021630945674e-01
-1.132077191955093293e-01
9.061461044520606745e-01
-9.458703142097274474e-02
-3.528171033140055091e-01
9.566904345294371392e-01
-3.515467797833130709e-02
6.781571005900625948e-02
7.183184714646231317e-01
-2.417718097723878801e-01
-2.161895205594581704e-01
9.454159102476554777e-01
-1.231782127437792418e-01
4.649821627252643391e-02
7.627202194169196980e-01
-1.818115058202589840e-01
-2.171408673425319000e-02
8.423318230975148646e-01
-3.020125859399936941e-01
4.269832693258996531e-02
8.392102482624409499e-01
-1.500571387275054236e-01
-1.950959742460995350e-01
9.211965705846810737e-01
-7.708700445993736661e-02
5.528518594186092316e-02
7.423391870376732093e-01
-1.700564619022897073e-01
-2.097550762863406582e-01
9.286373439913888639e-01
-3.522009187658954599e-02
-1.573242968057948499e-01
9.072577453231192024e-01
-1.677299862943653075e-01
3.196658243420702483e-02
7.855735170215403240e-01
-2.957996207394335622e-02
4.444759206407947888e-02
7.293979048353318451e-01
2.916678289526999923e-02
7.425692486316831653e-02
6.908541089737542107e-01
-5.582123488737188860e-02
-6.480215322072183093e-02
8.609016302383705188e-01
-1.454895086575709873e-01
4.789550784429667113e-02
7.712963813027130522e-01
-4.884389427264557160e-02
-2.202828689107139692e-01
9.137198038681976220e-01
-4.884389417179846316e-02
-2.202828689435737675e-01
9.137198037793750061e-01
-2.585738080616146184e-01
1.486141029898582701e-04
8.588849673278817765e-01
-1.682138380230482899e-01
-7.073841500316824238e-02
8.857940867191951284e-01
-6.091126008522276813e-02
1.417922108339521141e-02
7.819858437805879969e-01
-6.384058242324258670e-02
-4.870524839332993072e-02
8.511079740725389087e-01
-7.346569170622863076e-02
-3.419228299242914604e-01
9.398202627295297873e-01
-1.129489387121091759e-01
1.000894464699624876e-02
7.999385313029960809e-01
-1.307155631501850379e-01
-1.013706326130645596e-01
8.747050902522846005e-01
-1.307155631522321781e-01
-1.013706326687984632e-01
8.747050903692046298e-01
-5.436032758443969104e-02
4.517730938372419014e-02
7.412755640025032733e-01
-8.160040278066177377e-02
-2.677608012169620522e-01
9.310681056538792078e-01
-1.110901879510701185e-01
-4.769966714073553549e-02
8.399271781285134741e-01
-1.389078526569930971e-01
-1.854339363579196320e-01
9.300526180187548286e-01
-1.852997460096998117e-01
-1.890376645695748536e-01
9.375420893783307230e-01
-1.381341288967544434e-01
-7.118477827538140235e-02
8.667741891863828263e-01
-2.784117609569672913e-01
-7.877348725189485534e-02
9.099130875440776256e-01
-2.784117609930756299e-01
-7.877348720508649260e-02
9.099130873701404276e-01
-1.688543878445536994e-01
-2.296586486711917896e-01
9.265281555973797767e-01
-1.016435397839076521e-01
-1.606447427978050513e-01
8.971839704989210684e-01
-9.558936004680552989e-02
-1.046663975845492922e-01
8.693674763740404376e-01
-1.285742178955087689e-01
-1.479332395119075105e-01
9.092213764190056891e-01
-7.563197410086758277e-02
-1.338490341943803230e-01
9.007387850863687317e-01
-3.679725207369290152e-02
5.980041036004096061e-02
7.196043631044259925e-01
-2.914206256465915468e-01
-2.623347838444630709e-01
9.427504137638131887e-01
-1.054128350178351742e-01
-2.529064153815642479e-02
8.234047902230186011e-01
-8.250282749480301880e-02
-3.410537539592402578e-01
9.405273302045986661e-01
-8.250282750539182641e-02
-3.410537539437009658e-01
9.405273301801633234e-01
-1.469009451897653473e-01
5.156285945889128863e-02
7.741356922623557901e-01
-2.567554146267361781e-01
-8.055959759048245128e-02
8.903735250446344063e-01
-1.418790638926007985e-01
-8.730136344456795872e-02
8.716654852289761335e-01
-2.939420988526757483e-01
2.100271061555161918e-03
8.690601585785606709e-01
-2.964473792962574739e-01
-7.683446123887741064e-02
8.986261225853352519e-01
-2.964473793777568922e-01
-7.683446136595993570e-02
8.986261225429202915e-01
-2.964473792648609218e-01
-7.683446121969633724e-02
8.986261225349947424e-01
-1.760057061780409826e-01
-1.819828139410763906e-02
8.557275485999029652e-01
-1.250274942018461122e-01
-1.151923297093477710e-01
8.977912492533028921e-01
-3.783684814998349716e-02
5.334834812428747297e-02
7.357760502846095729e-01
-1.165560297355749397e-01
2.820255418679155392e-03
8.060861538151048444e-01
-4.187133853784492932e-02
2.577533023700799217e-02
7.805712050156744519e-01
-4.187133850479791281e-02
2.577533015510915029e-02
7.805712047786043106e-01
-4.103880042880507506e-02
3.216143188888229837e-02
7.648655981232385104e-01
-4.103880048845863493e-02
3.216143189281238379e-02
7.648655981249000702e-01
-4.718738756880710289e-02
-2.029781831855801549e-02
8.281432966411049756e-01
-2.657251697721992323e-01
-4.087183150374518875e-02
8.877601199533187160e-01
-1.195304098684130123e-01
2.679051912699711296e-02
7.897348594006102784e-01
-2.517163724519224099e-01
-6.695549746921988787e-02
9.022212259166251247e-01
-1.482044176279989911e-01
-1.363846762676559354e-01
8.930484398685628600e-01
-1.482044176247458711e-01
-1.363846762356508424e-01
8.930484398246754107e-01
-2.398961609316372368e-01
-8.266897599479072767e-02
9.074641610066797037e-01
-1.722666702392716132e-01
-1.628216691981235545e-02
8.563755265353089063e-01
-4.027144113261142688e-02
3.578855528283591408e-02
7.504044703066440336e-01
-3.130103299085723600e-01
-1.690712215941032048e-01
9.268932491688318676e-01
-1.045447231100779112e-01
-2.822173730461016161e-01
9.521937813317912225e-01
-3.085808414955582002e-01
-1.360256956662754257e-01
9.257102933227798758e-01
-3.085808414894606888e-01
-1.360256956561322061e-01
9.257102932971706943e-01
-1.248714433656799017e-01
2.176118987920240208e-02
8.010397530821143919e-01
-4.027418176289620372e-02
-4.238716162133245036e-02
8.401591456783263911e-01
-7.012785310092549407e-02
-7.430304104872689774e-02
8.697712740970959810e-01
-3.992288750289381405e-02
4.578673593095289318e-02
7.376744008829371202e-01
-9.620931007132914325e-02
-2.661507286719521082e-01
9.335526992250922085e-01
-1.756023037181130286e-01
1.036028402663168903e-02
8.266525835182370052e-01
-2.424953413405672720e-02
1.306201230041873981e-02
7.685999662261173704e-01
-2.047050368153026378e-01
-2.360721697297163413e-01
9.312755483364835163e-01
-1.171557681405615836e-01
-1.010509721193688509e-02
8.339536894483318141e-01
-4.680622358287465229e-02
-1.196664631715911586e-01
8.935065271638076290e-01
-1.239988446807002848e-01
-1.936010121160959552e-01
9.235360464587757390e-01
-1.239988446776265768e-01
-1.936010121410986495e-01
9.235360465042513622e-01
-1.242304888417035680e-01
-2.018665778363591679e-01
9.381662325220088139e-01
-1.242304888823448361e-01
-2.018665777764921676e-01
9.381662325224768839e-01
-2.523932253272372916e-01
-5.579815934712840236e-02
8.708761475827913046e-01
-2.523932252715496705e-01
-5.579815954132191780e-02
8.708761477761970404e-01
-7.285587901347129192e-02
-2.103267327314707613e-01
9.177748790279338653e-01
-2.953403565726056557e-01
-3.473941429812388848e-01
9.515225085191397758e-01
-2.712211495592786181e-01
-2.840072362919803806e-01
9.440885885194314486e-01
-1.453636960411062162e-01
-1.415534837740197727e-01
9.176298375318402423e-01
1.996384937094707740e-02
-3.823333633745762405e-01
9.375809432933084331e-01
-2.041452220125185846e-01
-3.428085050980914789e-02
8.480521713957245300e-01
-2.667082823874092901e-01
-1.750968898849855626e-01
9.480887578049096431e-01
-5.357088230200207635e-02
3.644078460401613956e-02
7.779110880048246690e-01
-9.175201225744225586e-02
6.452745211603604092e-02
7.524963504192799801e-01
-4.661923570437808101e-04
5.011101200076546747e-02
7.248658001104254511e-01
-4.661923981117650014e-04
5.011101201406138045e-02
7.248658002191786798e-01
-1.236964902295392688e-01
3.799696493662441804e-02
7.822622987382491511e-01
-9.601208037206057644e-02
-1.827596429007833367e-01
9.014469071081523399e-01
-9.601208033819264021e-02
-1.827596427460248252e-01
9.014469073726596449e-01
-3.120770936255550798e-01
-2.604819089527016240e-01
9.515410044717932392e-01
-1.607682981617370166e-01
-1.890476492766440808e-01
9.170560070219212490e-01
-1.503826337285793339e-02
-2.173034146010286716e-01
9.273968795335654214e-01
-9.736671556224757440e-02
-3.095729119444076693e-01
9.348740284733704220e-01
-9.736671543319964928e-02
-3.095729119691447151e-01
9.348740282798323475e-01
-1.487025809689739020e-01
-2.175070669360250342e-01
9.193085260987899909e-01
-1.487025811089004723e-01
-2.175070669727092731e-01
9.193085262260396462e-01
-7.175909023909279871e-02
-1.662206803093751184e-01
9.031890417546248884e-01
-4.671072754031116371e-04
5.354642095497123139e-02
7.271274693741870410e-01
-4.671072605109739839e-04
5.354642109311516518e-02
7.271274697930163455e-01
-6.076673715659342695e-02
-1.725663630618475552e-01
9.066746481300447247e-01
-1.289310356387391061e-03
4.712141328676945629e-02
7.292167701602471075e-01
-9.925219519781083855e-02
-3.221630615589899937e-01
9.587644759185318666e-01
-9.925219519163099025e-02
-3.221630615680741161e-01
9.587644759805569183e-01
-1.942424961059660837e-01
9.202151230826145084e-03
8.070982619409082792e-01
-2.140036988383989536e-01
-3.205133715239991687e-01
9.547759335571721628e-01
-1.190431686597117206e-01
-1.644895134704465467e-01
9.178115354594890141e-01
-1.825425653416486160e-01
-3.782384195954342776e-02
8.539684978269546090e-01
-2.183265654912092679e-01
-2.420650460188989439e-01
9.424354407158431757e-01
-4.535558146896899456e-02
-9.652345559620975624e-02
8.846145081831330304e-01
-2.108357628797682681e-01
1.388620973340322189e-02
8.147967755691697400e-01
-1.412840392070771889e-01
-2.284863459442522671e-01
9.476020897693455680e-01
-1.412840346754926646e-01
-2.284863458034252504e-01
9.476020894780955439e-01
-4.204064892047741642e-02
6.325635183931555341e-03
7.666959425967575514e-01
-6.680426711173487186e-02
-9.195812404643967375e-02
8.691287032644114952e-01
-2.965765030641577815e-01
-1.600910867132191717e-01
9.330233472148599105e-01
-2.965765030210272823e-01
-1.600910866533753751e-01
9.330233470648104932e-01
-1.313322252651700876e-02
-4.047170732885650019e-02
8.024988596377468086e-01
-2.184856213781641021e-01
-3.375196620420443661e-01
9.451332019717846311e-01
-1.052700545729052667e-01
-3.886642268496941499e-01
9.375695635732038680e-01
-1.214222790368859328e-01
-4.070504924298957161e-01
9.559104414408416961e-01
1.160002750430846712e-02
-6.642473224771724971e-02
8.212321603527100722e-01
-1.573769336497379129e-02
-1.436660513569362196e-01
9.050399490204236175e-01
-2.639557515545482569e-01
-3.406699855621643513e-02
8.930328295215882450e-01
-5.437741787037678361e-03
-1.919182015841936761e-01
8.921326955891356603e-01
-6.403644223281389214e-02
-2.171515640084910048e-01
9.402569057445178125e-01
-3.197052125524393884e-02
4.820556217413261152e-03
7.636262296984512865e-01
-1.951890535651482073e-01
5.806572474115252042e-02
8.035553237927399728e-01
-2.199613063613955755e-01
-2.461376300292998642e-01
9.379039654840454210e-01
-5.771219859796390510e-03
6.439197275169554480e-03
7.837734415698899282e-01
-5.771219821641896189e-03
6.439197268335675531e-03
7.837734415212470607e-01
-3.077534770202234714e-03
2.633509662359968806e-02
7.710024441524581107e-01
-3.077534701894685861e-03
2.633509668128877074e-02
7.710024442691562063e-01
-3.977350484501369909e-02
-5.975013937077129633e-02
8.267346614771418079e-01
-2.950833617613636828e-01
-3.466812621585267373e-01
9.525111465609227279e-01
-1.937386935950145134e-02
3.887360652775548320e-02
7.486323925321204387e-01
-1.158849356060468877e-01
-1.730623686840250253e-01
9.148635230472512703e-01
-1.158849355473976495e-01
-1.730623686387097460e-01
9.148635230643215044e-01
-3.199230621521323426e-01
-1.793421354173609650e-01
9.259747072802819723e-01
-5.031630446123743633e-02
-1.931021092574406739e-01
9.216962141673151754e-01
-7.908425656187076380e-02
-2.304798026601963812e-01
9.427002970117224212e-01
-2.903452476103000057e-01
-1.448644139261908992e-01
9.117112940050745573e-01
-2.846902814971485340e-01
-3.151062061126024827e-01
9.610209299165208829e-01
-2.774873302719238488e-01
-2.419325040325777942e-01
9.337281349918149509e-01
-6.518805394694020261e-02
-1.072086575507921469e-01
8.736907977589966068e-01
-2.927461392500715354e-01
-3.401980383377083417e-01
9.615022188405346615e-01
-2.143759101582690119e-01
-3.212581563317161715e-01
9.537913969757598753e-01
-1.154185595484899240e-01
-1.764762434492898047e-01
9.111903188071259763e-01
-1.154185596292719301e-01
-1.764762434313028594e-01
9.111903189053857099e-01
-1.187664079024157993e-01
-1.867661731205752240e-01
9.367409999821714184e-01
-2.406794828372157274e-02
5.224797749427637777e-03
7.628908827201024145e-01
-1.230159351728678241e-01
-2.750469758727098202e-01
9.315690749705488605e-01
-6.396596326993765624e-02
8.907146137385786187e-05
8.092077750337618447e-01
-6.032577672159588483e-02
-3.510573755215746772e-01
9.502196620836983465e-01
-8.732606713851101543e-02
-2.347782260751528904e-01
9.514774547393368698e-01
2.027024394295093984e-02
-7.512742334330988446e-03
7.653289037832180508e-01
2.199629100884165772e-02
-2.666765741598877207e-02
7.958282641481085884e-01
-5.347567674196055526e-02
-9.577128166230673700e-02
8.868684927867120926e-01
2.332915765283134074e-02
-3.173891892766827344e-02
8.106285669523484172e-01
-9.050385064358051901e-02
-2.208636580670963745e-01
9.076116354547405507e-01
-2.845173528492621687e-02
-3.749111772360046169e-02
8.132049487505903507e-01
-2.240927759692876442e-01
-3.492639177870501266e-01
9.451972356672608822e-01
-2.757356183385231696e-01
-3.093184764992736313e-01
9.337366986011144121e-01
-2.216950932988016876e-01
-2.501973502748206513e-01
9.333261815897530012e-01
-6.943538693565615150e-02
-3.105317403411135269e-01
9.632578482376595863e-01
5.349645291127538838e-02
2.895534163551716222e-02
7.711917040151987646e-01
-4.857070270535197160e-02
-3.707356530130822558e-01
9.506162980158955333e-01
-5.947425135947626007e-02
-3.170000369358258463e-01
9.540562036082074204e-01
-2.509833646402043206e-02
-4.995609458119058127e-02
8.400098666390964919e-01
7.503957030869611022e-02
-2.145548365739295416e-01
9.157636018125426824e-01
-2.588787047713472789e-02
-5.623876924867267368e-02
8.348623106981200026e-01
-2.181199951965845096e-01
-3.367995628858880264e-01
9.461035357540119595e-01
-2.166499424554328979e-01
-3.339043186999104962e-01
9.500048836998200574e-01
-2.894370113832360758e-01
-3.330873821085423847e-01
9.385654510186105526e-01
-1.367430098769115421e-01
-4.422936071340867192e-01
9.460105623064627434e-01
7.586114188222983779e-02
-2.547603995520086317e-01
9.009140197186973342e-01
-1.322161184870087047e-01
-4.340788151022264563e-01
9.537366352001060976e-01
5.495700810977065254e-02
6.150991130769818682e-02
6.545611967722045899e-01
7.645694959127061208e-02
-1.183972655764979065e-01
8.624658190569465255e-01
-1.387470882932302363e-01
-4.446569193491159422e-01
9.419795962205235185e-01
-2.997968395131707375e-02
-2.428302610625979185e-01
9.370720891486580273e-01
-5.020096237877057915e-02
-3.394982758448389371e-01
9.418925483214694028e-01
-4.577969093390064220e-02
-3.579787161028832876e-01
9.595255274571500292e-01
-2.079053027770555173e-01
-2.484299457678850465e-01
9.190203528291318591e-01
-2.503941632275936691e-01
-2.394628035391301035e-01
9.201687841757698605e-01
-5.999854989384729304e-02
-3.661139662081494550e-01
9.286380487168955922e-01
-3.149754410698744900e-02
-6.556019646268854140e-02
8.204233746192296506e-01
-7.421238512600282500e-02
-3.894633272871199092e-01
9.294383558484908825e-01
-2.237335765910543339e-01
-3.485574556487254783e-01
9.461721146916561853e-01
-5.585536644810630558e-02
-2.828951832294797075e-01
9.132932539228234559e-01
5.467071314019554540e-02
3.523679578105075316e-02
7.754885700800324688e-01
-3.957647465211125426e-02
-2.571374347664676097e-01
9.434239334726063353e-01
-2.256714952322069756e-01
-2.799927189931347149e-01
9.344534197930742803e-01
7.010943048367865305e-02
-7.024473029332867213e-02
8.683471836386186249e-01
-1.169106192576684911e-01
-4.102313413705230838e-01
9.509175818184585349e-01
-2.276444246651835035e-01
-3.562492855083279619e-01
9.355578405009481457e-01
-1.206478976120478053e-01
-4.232985306373759915e-01
9.301702246360723514e-01
-1.206479636002506378e-01
-4.232985305893825489e-01
9.301702244957078536e-01
-3.682496999428173240e-02
-2.839163855141669801e-01
9.507501160138148721e-01
-1.445548954800137953e-01
-4.510235052622741936e-01
9.311638418421810393e-01
5.103050984373141974e-02
3.781935704164438722e-02
7.241907708676875721e-01
5.103050984431859588e-02
3.781935703214321653e-02
7.241907708900665597e-01
7.757482839234279559e-02
1.042863487280808014e-02
7.515433966723477077e-01
5.046884632473695731e-02
4.089759723202939651e-02
7.189360875214669822e-01
5.046884631557173317e-02
4.089759719146879302e-02
7.189360876031275494e-01
8.300776821077508749e-02
-1.199628079047662804e-01
8.597582186663317305e-01
7.797666014075388397e-02
-7.490895994432149492e-03
7.637024678193821137e-01
-1.051327670094754224e-01
-4.233111375405840815e-01
9.301942347308236325e-01
-1.051327676325889832e-01
-4.233111375702370838e-01
9.301942346991795008e-01
-5.476782685764568226e-02
-3.079356815655854840e-01
9.661034528412205669e-01
8.446442421584295090e-02
-1.024885989986995261e-01
8.359279341503644822e-01
8.230829328960438673e-02
-1.276047551771936073e-01
8.525317218537460384e-01
-6.135648846589944472e-02
-3.867886380136911773e-01
9.330884830605898905e-01
9.796197975367997024e-02
-4.029590398519006245e-01
9.437863954498386665e-01
5.733624434889522670e-02
4.785968068210216808e-02
6.844363999067154536e-01
9.159299905630309546e-02
-2.538175552707158111e-01
9.012661465072731026e-01
5.923495679047229706e-02
5.315293194681351696e-02
6.489461039754430560e-01
9.855734525562484527e-02
-4.339030538886902155e-01
9.394064505404863263e-01
9.873991793611591739e-02
-2.242336003676836109e-01
9.345648274621899398e-01
6.110267551391188739e-02
4.778031132457980640e-02
6.833103326500441499e-01
-7.525451197751741039e-02
1.148710970837534678e-01
7.328289602209854259e-01
9.991525489568447993e-02
-2.812508197638115548e-01
9.316210120794334859e-01
9.157182271294371512e-02
-1.281645629732013625e-01
8.504039743621334413e-01
1.059222316770608990e-01
-3.237120645875259939e-01
9.675893023329822373e-01
9.573443557975735985e-02
-1.005489087949050786e-01
8.354898798273816540e-01
6.599632848841928412e-02
5.332171588455308225e-02
6.478197856793838083e-01
6.599632852472993305e-02
5.332171592493516882e-02
6.478197858080396720e-01
1.061787598017248369e-01
-2.426747847332558494e-01
9.128441878772948215e-01
9.582819593523869695e-02
-1.229858488450012582e-01
8.546640338602230491e-01
8.919101742402661681e-02
-1.338816806383738046e-02
7.564855328333635054e-01
1.009765126535115687e-01
-1.409886030107853350e-01
9.076321617405529452e-01
6.883035260853304083e-02
5.324850106427039820e-02
6.469357339900858594e-01
6.883035261616766987e-02
5.324850107245777259e-02
6.469357340749432028e-01
1.082020052507716434e-01
-3.561508175920660157e-01
9.216857196297274513e-01
1.108045673708133311e-01
-2.314734271388933506e-01
9.256590003013792645e-01
7.170609029908732446e-02
5.394107245184869004e-02
6.465008706965463814e-01
7.488784956325511555e-02
5.924831999929582732e-02
6.487566503720705313e-01
8.774790037267565790e-02
-2.211289075567425891e-02
7.512447282859354702e-01
-7.445357060042967490e-02
1.216126174360031703e-01
7.095468025787337041e-01
-6.912454489455804874e-02
1.265144200442142874e-01
7.381068197591412750e-01
9.876167880324494830e-02
2.615741269534456264e-04
7.644653907673654158e-01
8.157333369812594381e-02
6.370454224286277445e-02
6.494610723821808707e-01
1.204057577166854492e-01
-4.079936736699956712e-01
9.357975398910302056e-01
1.183831151742279209e-01
-4.357958867743683129e-01
9.366345881250598415e-01
7.116588743935786665e-02
4.557743957040780863e-02
6.416200750519408524e-01
9.657982687180019510e-02
-1.358097303561151860e-02
7.558354342654620694e-01
1.145122656912994225e-01
-4.679536938129548740e-01
9.397626456457729427e-01
1.151811909019953978e-01
-4.411341157371879151e-01
9.278763921797704706e-01
1.047813689362169787e-01
-1.264714055741692489e-01
8.506885558881717158e-01
1.131401714161686944e-01
-2.899619790238273098e-01
9.192728866118221598e-01
1.236078815832770128e-01
-3.512203189533064096e-01
9.278644183975034432e-01
1.177552000320865599e-01
-4.628266060075162391e-01
9.487963979883816679e-01
1.083247376423682046e-01
-1.013728317982445226e-01
8.334596713673609880e-01
1.150948342664180613e-01
-4.702266093523354007e-01
9.358520866485603440e-01
1.196115189223643654e-01
-2.477831977000373720e-01
9.051790420090030098e-01
5.283265004467897763e-02
1.624604250763365398e-01
7.156774628238337099e-01
